Case #1:
1100000000000011 3 2 5 2 7 2 3 2 11
1100000000001111 3 2 5 2 7 2 3 2 11
1100000000011011 3 2 5 2 7 2 3 2 11
1100000000110011 3 2 5 2 7 2 3 2 11
1100000000111111 3 2 5 2 7 2 3 2 11
1100000001100011 3 2 5 2 7 2 3 2 11
1100000001101111 3 2 5 2 7 2 3 2 11
1100000001111011 3 2 5 2 7 2 3 2 11
1100000011000011 3 2 5 2 7 2 3 2 11
1100000011001111 3 2 5 2 7 2 3 2 11
1100000011011011 3 2 5 2 7 2 3 2 11
1100000011110011 3 2 5 2 7 2 3 2 11
1100000011111111 3 2 5 2 7 2 3 2 11
1100000110000011 3 2 5 2 7 2 3 2 11
1100000110001111 3 2 5 2 7 2 3 2 11
1100000110011011 3 2 5 2 7 2 3 2 11
1100000110110011 3 2 5 2 7 2 3 2 11
1100000110111111 3 2 5 2 7 2 3 2 11
1100000111100011 3 2 5 2 7 2 3 2 11
1100000111101111 3 2 5 2 7 2 3 2 11
1100000111111011 3 2 5 2 7 2 3 2 11
1100001100000011 3 2 5 2 7 2 3 2 11
1100001100001111 3 2 5 2 7 2 3 2 11
1100001100011011 3 2 5 2 7 2 3 2 11
1100001100110011 3 2 5 2 7 2 3 2 11
1100001100111111 3 2 5 2 7 2 3 2 11
1100001101100011 3 2 5 2 7 2 3 2 11
1100001101101111 3 2 5 2 7 2 3 2 11
1100001101111011 3 2 5 2 7 2 3 2 11
1100001111000011 3 2 5 2 7 2 3 2 11
1100001111001111 3 2 5 2 7 2 3 2 11
1100001111011011 3 2 5 2 7 2 3 2 11
1100001111110011 3 2 5 2 7 2 3 2 11
1100001111111111 3 2 5 2 7 2 3 2 11
1100011000000011 3 2 5 2 7 2 3 2 11
1100011000001111 3 2 5 2 7 2 3 2 11
1100011000011011 3 2 5 2 7 2 3 2 11
1100011000110011 3 2 5 2 7 2 3 2 11
1100011000111111 3 2 5 2 7 2 3 2 11
1100011001100011 3 2 5 2 7 2 3 2 11
1100011001101111 3 2 5 2 7 2 3 2 11
1100011001111011 3 2 5 2 7 2 3 2 11
1100011011000011 3 2 5 2 7 2 3 2 11
1100011011001111 3 2 5 2 7 2 3 2 11
1100011011011011 3 2 5 2 7 2 3 2 11
1100011011110011 3 2 5 2 7 2 3 2 11
1100011011111111 3 2 5 2 7 2 3 2 11
1100011110000011 3 2 5 2 7 2 3 2 11
1100011110001111 3 2 5 2 7 2 3 2 11
1100011110011011 3 2 5 2 7 2 3 2 11
