Case #1:
11000000000000000000000000000011 3 2 5 2 7 2 3 2 11
11000000000000000000000000001111 3 2 5 2 7 2 3 2 11
11000000000000000000000000011011 3 2 5 2 7 2 3 2 11
11000000000000000000000000110011 3 2 5 2 7 2 3 2 11
11000000000000000000000000111111 3 2 5 2 7 2 3 2 11
11000000000000000000000001100011 3 2 5 2 7 2 3 2 11
11000000000000000000000001101111 3 2 5 2 7 2 3 2 11
11000000000000000000000001111011 3 2 5 2 7 2 3 2 11
11000000000000000000000011000011 3 2 5 2 7 2 3 2 11
11000000000000000000000011001111 3 2 5 2 7 2 3 2 11
11000000000000000000000011011011 3 2 5 2 7 2 3 2 11
11000000000000000000000011110011 3 2 5 2 7 2 3 2 11
11000000000000000000000011111111 3 2 5 2 7 2 3 2 11
11000000000000000000000110000011 3 2 5 2 7 2 3 2 11
11000000000000000000000110001111 3 2 5 2 7 2 3 2 11
11000000000000000000000110011011 3 2 5 2 7 2 3 2 11
11000000000000000000000110110011 3 2 5 2 7 2 3 2 11
11000000000000000000000110111111 3 2 5 2 7 2 3 2 11
11000000000000000000000111100011 3 2 5 2 7 2 3 2 11
11000000000000000000000111101111 3 2 5 2 7 2 3 2 11
11000000000000000000000111111011 3 2 5 2 7 2 3 2 11
11000000000000000000001100000011 3 2 5 2 7 2 3 2 11
11000000000000000000001100001111 3 2 5 2 7 2 3 2 11
11000000000000000000001100011011 3 2 5 2 7 2 3 2 11
11000000000000000000001100110011 3 2 5 2 7 2 3 2 11
11000000000000000000001100111111 3 2 5 2 7 2 3 2 11
11000000000000000000001101100011 3 2 5 2 7 2 3 2 11
11000000000000000000001101101111 3 2 5 2 7 2 3 2 11
11000000000000000000001101111011 3 2 5 2 7 2 3 2 11
11000000000000000000001111000011 3 2 5 2 7 2 3 2 11
11000000000000000000001111001111 3 2 5 2 7 2 3 2 11
11000000000000000000001111011011 3 2 5 2 7 2 3 2 11
11000000000000000000001111110011 3 2 5 2 7 2 3 2 11
11000000000000000000001111111111 3 2 5 2 7 2 3 2 11
11000000000000000000011000000011 3 2 5 2 7 2 3 2 11
11000000000000000000011000001111 3 2 5 2 7 2 3 2 11
11000000000000000000011000011011 3 2 5 2 7 2 3 2 11
11000000000000000000011000110011 3 2 5 2 7 2 3 2 11
11000000000000000000011000111111 3 2 5 2 7 2 3 2 11
11000000000000000000011001100011 3 2 5 2 7 2 3 2 11
11000000000000000000011001101111 3 2 5 2 7 2 3 2 11
11000000000000000000011001111011 3 2 5 2 7 2 3 2 11
11000000000000000000011011000011 3 2 5 2 7 2 3 2 11
11000000000000000000011011001111 3 2 5 2 7 2 3 2 11
11000000000000000000011011011011 3 2 5 2 7 2 3 2 11
11000000000000000000011011110011 3 2 5 2 7 2 3 2 11
11000000000000000000011011111111 3 2 5 2 7 2 3 2 11
11000000000000000000011110000011 3 2 5 2 7 2 3 2 11
11000000000000000000011110001111 3 2 5 2 7 2 3 2 11
11000000000000000000011110011011 3 2 5 2 7 2 3 2 11
11000000000000000000011110110011 3 2 5 2 7 2 3 2 11
11000000000000000000011110111111 3 2 5 2 7 2 3 2 11
11000000000000000000011111100011 3 2 5 2 7 2 3 2 11
11000000000000000000011111101111 3 2 5 2 7 2 3 2 11
11000000000000000000011111111011 3 2 5 2 7 2 3 2 11
11000000000000000000110000000011 3 2 5 2 7 2 3 2 11
11000000000000000000110000001111 3 2 5 2 7 2 3 2 11
11000000000000000000110000011011 3 2 5 2 7 2 3 2 11
11000000000000000000110000110011 3 2 5 2 7 2 3 2 11
11000000000000000000110000111111 3 2 5 2 7 2 3 2 11
11000000000000000000110001100011 3 2 5 2 7 2 3 2 11
11000000000000000000110001101111 3 2 5 2 7 2 3 2 11
11000000000000000000110001111011 3 2 5 2 7 2 3 2 11
11000000000000000000110011000011 3 2 5 2 7 2 3 2 11
11000000000000000000110011001111 3 2 5 2 7 2 3 2 11
11000000000000000000110011011011 3 2 5 2 7 2 3 2 11
11000000000000000000110011110011 3 2 5 2 7 2 3 2 11
11000000000000000000110011111111 3 2 5 2 7 2 3 2 11
11000000000000000000110110000011 3 2 5 2 7 2 3 2 11
11000000000000000000110110001111 3 2 5 2 7 2 3 2 11
11000000000000000000110110011011 3 2 5 2 7 2 3 2 11
11000000000000000000110110110011 3 2 5 2 7 2 3 2 11
11000000000000000000110110111111 3 2 5 2 7 2 3 2 11
11000000000000000000110111100011 3 2 5 2 7 2 3 2 11
11000000000000000000110111101111 3 2 5 2 7 2 3 2 11
11000000000000000000110111111011 3 2 5 2 7 2 3 2 11
11000000000000000000111100000011 3 2 5 2 7 2 3 2 11
11000000000000000000111100001111 3 2 5 2 7 2 3 2 11
11000000000000000000111100011011 3 2 5 2 7 2 3 2 11
11000000000000000000111100110011 3 2 5 2 7 2 3 2 11
11000000000000000000111100111111 3 2 5 2 7 2 3 2 11
11000000000000000000111101100011 3 2 5 2 7 2 3 2 11
11000000000000000000111101101111 3 2 5 2 7 2 3 2 11
11000000000000000000111101111011 3 2 5 2 7 2 3 2 11
11000000000000000000111111000011 3 2 5 2 7 2 3 2 11
11000000000000000000111111001111 3 2 5 2 7 2 3 2 11
11000000000000000000111111011011 3 2 5 2 7 2 3 2 11
11000000000000000000111111110011 3 2 5 2 7 2 3 2 11
11000000000000000000111111111111 3 2 5 2 7 2 3 2 11
11000000000000000001100000000011 3 2 5 2 7 2 3 2 11
11000000000000000001100000001111 3 2 5 2 7 2 3 2 11
11000000000000000001100000011011 3 2 5 2 7 2 3 2 11
11000000000000000001100000110011 3 2 5 2 7 2 3 2 11
11000000000000000001100000111111 3 2 5 2 7 2 3 2 11
11000000000000000001100001100011 3 2 5 2 7 2 3 2 11
11000000000000000001100001101111 3 2 5 2 7 2 3 2 11
11000000000000000001100001111011 3 2 5 2 7 2 3 2 11
11000000000000000001100011000011 3 2 5 2 7 2 3 2 11
11000000000000000001100011001111 3 2 5 2 7 2 3 2 11
11000000000000000001100011011011 3 2 5 2 7 2 3 2 11
11000000000000000001100011110011 3 2 5 2 7 2 3 2 11
11000000000000000001100011111111 3 2 5 2 7 2 3 2 11
11000000000000000001100110000011 3 2 5 2 7 2 3 2 11
11000000000000000001100110001111 3 2 5 2 7 2 3 2 11
11000000000000000001100110011011 3 2 5 2 7 2 3 2 11
11000000000000000001100110110011 3 2 5 2 7 2 3 2 11
11000000000000000001100110111111 3 2 5 2 7 2 3 2 11
11000000000000000001100111100011 3 2 5 2 7 2 3 2 11
11000000000000000001100111101111 3 2 5 2 7 2 3 2 11
11000000000000000001100111111011 3 2 5 2 7 2 3 2 11
11000000000000000001101100000011 3 2 5 2 7 2 3 2 11
11000000000000000001101100001111 3 2 5 2 7 2 3 2 11
11000000000000000001101100011011 3 2 5 2 7 2 3 2 11
11000000000000000001101100110011 3 2 5 2 7 2 3 2 11
11000000000000000001101100111111 3 2 5 2 7 2 3 2 11
11000000000000000001101101100011 3 2 5 2 7 2 3 2 11
11000000000000000001101101101111 3 2 5 2 7 2 3 2 11
11000000000000000001101101111011 3 2 5 2 7 2 3 2 11
11000000000000000001101111000011 3 2 5 2 7 2 3 2 11
11000000000000000001101111001111 3 2 5 2 7 2 3 2 11
11000000000000000001101111011011 3 2 5 2 7 2 3 2 11
11000000000000000001101111110011 3 2 5 2 7 2 3 2 11
11000000000000000001101111111111 3 2 5 2 7 2 3 2 11
11000000000000000001111000000011 3 2 5 2 7 2 3 2 11
11000000000000000001111000001111 3 2 5 2 7 2 3 2 11
11000000000000000001111000011011 3 2 5 2 7 2 3 2 11
11000000000000000001111000110011 3 2 5 2 7 2 3 2 11
11000000000000000001111000111111 3 2 5 2 7 2 3 2 11
11000000000000000001111001100011 3 2 5 2 7 2 3 2 11
11000000000000000001111001101111 3 2 5 2 7 2 3 2 11
11000000000000000001111001111011 3 2 5 2 7 2 3 2 11
11000000000000000001111011000011 3 2 5 2 7 2 3 2 11
11000000000000000001111011001111 3 2 5 2 7 2 3 2 11
11000000000000000001111011011011 3 2 5 2 7 2 3 2 11
11000000000000000001111011110011 3 2 5 2 7 2 3 2 11
11000000000000000001111011111111 3 2 5 2 7 2 3 2 11
11000000000000000001111110000011 3 2 5 2 7 2 3 2 11
11000000000000000001111110001111 3 2 5 2 7 2 3 2 11
11000000000000000001111110011011 3 2 5 2 7 2 3 2 11
11000000000000000001111110110011 3 2 5 2 7 2 3 2 11
11000000000000000001111110111111 3 2 5 2 7 2 3 2 11
11000000000000000001111111100011 3 2 5 2 7 2 3 2 11
11000000000000000001111111101111 3 2 5 2 7 2 3 2 11
11000000000000000001111111111011 3 2 5 2 7 2 3 2 11
11000000000000000011000000000011 3 2 5 2 7 2 3 2 11
11000000000000000011000000001111 3 2 5 2 7 2 3 2 11
11000000000000000011000000011011 3 2 5 2 7 2 3 2 11
11000000000000000011000000110011 3 2 5 2 7 2 3 2 11
11000000000000000011000000111111 3 2 5 2 7 2 3 2 11
11000000000000000011000001100011 3 2 5 2 7 2 3 2 11
11000000000000000011000001101111 3 2 5 2 7 2 3 2 11
11000000000000000011000001111011 3 2 5 2 7 2 3 2 11
11000000000000000011000011000011 3 2 5 2 7 2 3 2 11
11000000000000000011000011001111 3 2 5 2 7 2 3 2 11
11000000000000000011000011011011 3 2 5 2 7 2 3 2 11
11000000000000000011000011110011 3 2 5 2 7 2 3 2 11
11000000000000000011000011111111 3 2 5 2 7 2 3 2 11
11000000000000000011000110000011 3 2 5 2 7 2 3 2 11
11000000000000000011000110001111 3 2 5 2 7 2 3 2 11
11000000000000000011000110011011 3 2 5 2 7 2 3 2 11
11000000000000000011000110110011 3 2 5 2 7 2 3 2 11
11000000000000000011000110111111 3 2 5 2 7 2 3 2 11
11000000000000000011000111100011 3 2 5 2 7 2 3 2 11
11000000000000000011000111101111 3 2 5 2 7 2 3 2 11
11000000000000000011000111111011 3 2 5 2 7 2 3 2 11
11000000000000000011001100000011 3 2 5 2 7 2 3 2 11
11000000000000000011001100001111 3 2 5 2 7 2 3 2 11
11000000000000000011001100011011 3 2 5 2 7 2 3 2 11
11000000000000000011001100110011 3 2 5 2 7 2 3 2 11
11000000000000000011001100111111 3 2 5 2 7 2 3 2 11
11000000000000000011001101100011 3 2 5 2 7 2 3 2 11
11000000000000000011001101101111 3 2 5 2 7 2 3 2 11
11000000000000000011001101111011 3 2 5 2 7 2 3 2 11
11000000000000000011001111000011 3 2 5 2 7 2 3 2 11
11000000000000000011001111001111 3 2 5 2 7 2 3 2 11
11000000000000000011001111011011 3 2 5 2 7 2 3 2 11
11000000000000000011001111110011 3 2 5 2 7 2 3 2 11
11000000000000000011001111111111 3 2 5 2 7 2 3 2 11
11000000000000000011011000000011 3 2 5 2 7 2 3 2 11
11000000000000000011011000001111 3 2 5 2 7 2 3 2 11
11000000000000000011011000011011 3 2 5 2 7 2 3 2 11
11000000000000000011011000110011 3 2 5 2 7 2 3 2 11
11000000000000000011011000111111 3 2 5 2 7 2 3 2 11
11000000000000000011011001100011 3 2 5 2 7 2 3 2 11
11000000000000000011011001101111 3 2 5 2 7 2 3 2 11
11000000000000000011011001111011 3 2 5 2 7 2 3 2 11
11000000000000000011011011000011 3 2 5 2 7 2 3 2 11
11000000000000000011011011001111 3 2 5 2 7 2 3 2 11
11000000000000000011011011011011 3 2 5 2 7 2 3 2 11
11000000000000000011011011110011 3 2 5 2 7 2 3 2 11
11000000000000000011011011111111 3 2 5 2 7 2 3 2 11
11000000000000000011011110000011 3 2 5 2 7 2 3 2 11
11000000000000000011011110001111 3 2 5 2 7 2 3 2 11
11000000000000000011011110011011 3 2 5 2 7 2 3 2 11
11000000000000000011011110110011 3 2 5 2 7 2 3 2 11
11000000000000000011011110111111 3 2 5 2 7 2 3 2 11
11000000000000000011011111100011 3 2 5 2 7 2 3 2 11
11000000000000000011011111101111 3 2 5 2 7 2 3 2 11
11000000000000000011011111111011 3 2 5 2 7 2 3 2 11
11000000000000000011110000000011 3 2 5 2 7 2 3 2 11
11000000000000000011110000001111 3 2 5 2 7 2 3 2 11
11000000000000000011110000011011 3 2 5 2 7 2 3 2 11
11000000000000000011110000110011 3 2 5 2 7 2 3 2 11
11000000000000000011110000111111 3 2 5 2 7 2 3 2 11
11000000000000000011110001100011 3 2 5 2 7 2 3 2 11
11000000000000000011110001101111 3 2 5 2 7 2 3 2 11
11000000000000000011110001111011 3 2 5 2 7 2 3 2 11
11000000000000000011110011000011 3 2 5 2 7 2 3 2 11
11000000000000000011110011001111 3 2 5 2 7 2 3 2 11
11000000000000000011110011011011 3 2 5 2 7 2 3 2 11
11000000000000000011110011110011 3 2 5 2 7 2 3 2 11
11000000000000000011110011111111 3 2 5 2 7 2 3 2 11
11000000000000000011110110000011 3 2 5 2 7 2 3 2 11
11000000000000000011110110001111 3 2 5 2 7 2 3 2 11
11000000000000000011110110011011 3 2 5 2 7 2 3 2 11
11000000000000000011110110110011 3 2 5 2 7 2 3 2 11
11000000000000000011110110111111 3 2 5 2 7 2 3 2 11
11000000000000000011110111100011 3 2 5 2 7 2 3 2 11
11000000000000000011110111101111 3 2 5 2 7 2 3 2 11
11000000000000000011110111111011 3 2 5 2 7 2 3 2 11
11000000000000000011111100000011 3 2 5 2 7 2 3 2 11
11000000000000000011111100001111 3 2 5 2 7 2 3 2 11
11000000000000000011111100011011 3 2 5 2 7 2 3 2 11
11000000000000000011111100110011 3 2 5 2 7 2 3 2 11
11000000000000000011111100111111 3 2 5 2 7 2 3 2 11
11000000000000000011111101100011 3 2 5 2 7 2 3 2 11
11000000000000000011111101101111 3 2 5 2 7 2 3 2 11
11000000000000000011111101111011 3 2 5 2 7 2 3 2 11
11000000000000000011111111000011 3 2 5 2 7 2 3 2 11
11000000000000000011111111001111 3 2 5 2 7 2 3 2 11
11000000000000000011111111011011 3 2 5 2 7 2 3 2 11
11000000000000000011111111110011 3 2 5 2 7 2 3 2 11
11000000000000000011111111111111 3 2 5 2 7 2 3 2 11
11000000000000000110000000000011 3 2 5 2 7 2 3 2 11
11000000000000000110000000001111 3 2 5 2 7 2 3 2 11
11000000000000000110000000011011 3 2 5 2 7 2 3 2 11
11000000000000000110000000110011 3 2 5 2 7 2 3 2 11
11000000000000000110000000111111 3 2 5 2 7 2 3 2 11
11000000000000000110000001100011 3 2 5 2 7 2 3 2 11
11000000000000000110000001101111 3 2 5 2 7 2 3 2 11
11000000000000000110000001111011 3 2 5 2 7 2 3 2 11
11000000000000000110000011000011 3 2 5 2 7 2 3 2 11
11000000000000000110000011001111 3 2 5 2 7 2 3 2 11
11000000000000000110000011011011 3 2 5 2 7 2 3 2 11
11000000000000000110000011110011 3 2 5 2 7 2 3 2 11
11000000000000000110000011111111 3 2 5 2 7 2 3 2 11
11000000000000000110000110000011 3 2 5 2 7 2 3 2 11
11000000000000000110000110001111 3 2 5 2 7 2 3 2 11
11000000000000000110000110011011 3 2 5 2 7 2 3 2 11
11000000000000000110000110110011 3 2 5 2 7 2 3 2 11
11000000000000000110000110111111 3 2 5 2 7 2 3 2 11
11000000000000000110000111100011 3 2 5 2 7 2 3 2 11
11000000000000000110000111101111 3 2 5 2 7 2 3 2 11
11000000000000000110000111111011 3 2 5 2 7 2 3 2 11
11000000000000000110001100000011 3 2 5 2 7 2 3 2 11
11000000000000000110001100001111 3 2 5 2 7 2 3 2 11
11000000000000000110001100011011 3 2 5 2 7 2 3 2 11
11000000000000000110001100110011 3 2 5 2 7 2 3 2 11
11000000000000000110001100111111 3 2 5 2 7 2 3 2 11
11000000000000000110001101100011 3 2 5 2 7 2 3 2 11
11000000000000000110001101101111 3 2 5 2 7 2 3 2 11
11000000000000000110001101111011 3 2 5 2 7 2 3 2 11
11000000000000000110001111000011 3 2 5 2 7 2 3 2 11
11000000000000000110001111001111 3 2 5 2 7 2 3 2 11
11000000000000000110001111011011 3 2 5 2 7 2 3 2 11
11000000000000000110001111110011 3 2 5 2 7 2 3 2 11
11000000000000000110001111111111 3 2 5 2 7 2 3 2 11
11000000000000000110011000000011 3 2 5 2 7 2 3 2 11
11000000000000000110011000001111 3 2 5 2 7 2 3 2 11
11000000000000000110011000011011 3 2 5 2 7 2 3 2 11
11000000000000000110011000110011 3 2 5 2 7 2 3 2 11
11000000000000000110011000111111 3 2 5 2 7 2 3 2 11
11000000000000000110011001100011 3 2 5 2 7 2 3 2 11
11000000000000000110011001101111 3 2 5 2 7 2 3 2 11
11000000000000000110011001111011 3 2 5 2 7 2 3 2 11
11000000000000000110011011000011 3 2 5 2 7 2 3 2 11
11000000000000000110011011001111 3 2 5 2 7 2 3 2 11
11000000000000000110011011011011 3 2 5 2 7 2 3 2 11
11000000000000000110011011110011 3 2 5 2 7 2 3 2 11
11000000000000000110011011111111 3 2 5 2 7 2 3 2 11
11000000000000000110011110000011 3 2 5 2 7 2 3 2 11
11000000000000000110011110001111 3 2 5 2 7 2 3 2 11
11000000000000000110011110011011 3 2 5 2 7 2 3 2 11
11000000000000000110011110110011 3 2 5 2 7 2 3 2 11
11000000000000000110011110111111 3 2 5 2 7 2 3 2 11
11000000000000000110011111100011 3 2 5 2 7 2 3 2 11
11000000000000000110011111101111 3 2 5 2 7 2 3 2 11
11000000000000000110011111111011 3 2 5 2 7 2 3 2 11
11000000000000000110110000000011 3 2 5 2 7 2 3 2 11
11000000000000000110110000001111 3 2 5 2 7 2 3 2 11
11000000000000000110110000011011 3 2 5 2 7 2 3 2 11
11000000000000000110110000110011 3 2 5 2 7 2 3 2 11
11000000000000000110110000111111 3 2 5 2 7 2 3 2 11
11000000000000000110110001100011 3 2 5 2 7 2 3 2 11
11000000000000000110110001101111 3 2 5 2 7 2 3 2 11
11000000000000000110110001111011 3 2 5 2 7 2 3 2 11
11000000000000000110110011000011 3 2 5 2 7 2 3 2 11
11000000000000000110110011001111 3 2 5 2 7 2 3 2 11
11000000000000000110110011011011 3 2 5 2 7 2 3 2 11
11000000000000000110110011110011 3 2 5 2 7 2 3 2 11
11000000000000000110110011111111 3 2 5 2 7 2 3 2 11
11000000000000000110110110000011 3 2 5 2 7 2 3 2 11
11000000000000000110110110001111 3 2 5 2 7 2 3 2 11
11000000000000000110110110011011 3 2 5 2 7 2 3 2 11
11000000000000000110110110110011 3 2 5 2 7 2 3 2 11
11000000000000000110110110111111 3 2 5 2 7 2 3 2 11
11000000000000000110110111100011 3 2 5 2 7 2 3 2 11
11000000000000000110110111101111 3 2 5 2 7 2 3 2 11
11000000000000000110110111111011 3 2 5 2 7 2 3 2 11
11000000000000000110111100000011 3 2 5 2 7 2 3 2 11
11000000000000000110111100001111 3 2 5 2 7 2 3 2 11
11000000000000000110111100011011 3 2 5 2 7 2 3 2 11
11000000000000000110111100110011 3 2 5 2 7 2 3 2 11
11000000000000000110111100111111 3 2 5 2 7 2 3 2 11
11000000000000000110111101100011 3 2 5 2 7 2 3 2 11
11000000000000000110111101101111 3 2 5 2 7 2 3 2 11
11000000000000000110111101111011 3 2 5 2 7 2 3 2 11
11000000000000000110111111000011 3 2 5 2 7 2 3 2 11
11000000000000000110111111001111 3 2 5 2 7 2 3 2 11
11000000000000000110111111011011 3 2 5 2 7 2 3 2 11
11000000000000000110111111110011 3 2 5 2 7 2 3 2 11
11000000000000000110111111111111 3 2 5 2 7 2 3 2 11
11000000000000000111100000000011 3 2 5 2 7 2 3 2 11
11000000000000000111100000001111 3 2 5 2 7 2 3 2 11
11000000000000000111100000011011 3 2 5 2 7 2 3 2 11
11000000000000000111100000110011 3 2 5 2 7 2 3 2 11
11000000000000000111100000111111 3 2 5 2 7 2 3 2 11
11000000000000000111100001100011 3 2 5 2 7 2 3 2 11
11000000000000000111100001101111 3 2 5 2 7 2 3 2 11
11000000000000000111100001111011 3 2 5 2 7 2 3 2 11
11000000000000000111100011000011 3 2 5 2 7 2 3 2 11
11000000000000000111100011001111 3 2 5 2 7 2 3 2 11
11000000000000000111100011011011 3 2 5 2 7 2 3 2 11
11000000000000000111100011110011 3 2 5 2 7 2 3 2 11
11000000000000000111100011111111 3 2 5 2 7 2 3 2 11
11000000000000000111100110000011 3 2 5 2 7 2 3 2 11
11000000000000000111100110001111 3 2 5 2 7 2 3 2 11
11000000000000000111100110011011 3 2 5 2 7 2 3 2 11
11000000000000000111100110110011 3 2 5 2 7 2 3 2 11
11000000000000000111100110111111 3 2 5 2 7 2 3 2 11
11000000000000000111100111100011 3 2 5 2 7 2 3 2 11
11000000000000000111100111101111 3 2 5 2 7 2 3 2 11
11000000000000000111100111111011 3 2 5 2 7 2 3 2 11
11000000000000000111101100000011 3 2 5 2 7 2 3 2 11
11000000000000000111101100001111 3 2 5 2 7 2 3 2 11
11000000000000000111101100011011 3 2 5 2 7 2 3 2 11
11000000000000000111101100110011 3 2 5 2 7 2 3 2 11
11000000000000000111101100111111 3 2 5 2 7 2 3 2 11
11000000000000000111101101100011 3 2 5 2 7 2 3 2 11
11000000000000000111101101101111 3 2 5 2 7 2 3 2 11
11000000000000000111101101111011 3 2 5 2 7 2 3 2 11
11000000000000000111101111000011 3 2 5 2 7 2 3 2 11
11000000000000000111101111001111 3 2 5 2 7 2 3 2 11
11000000000000000111101111011011 3 2 5 2 7 2 3 2 11
11000000000000000111101111110011 3 2 5 2 7 2 3 2 11
11000000000000000111101111111111 3 2 5 2 7 2 3 2 11
11000000000000000111111000000011 3 2 5 2 7 2 3 2 11
11000000000000000111111000001111 3 2 5 2 7 2 3 2 11
11000000000000000111111000011011 3 2 5 2 7 2 3 2 11
11000000000000000111111000110011 3 2 5 2 7 2 3 2 11
11000000000000000111111000111111 3 2 5 2 7 2 3 2 11
11000000000000000111111001100011 3 2 5 2 7 2 3 2 11
11000000000000000111111001101111 3 2 5 2 7 2 3 2 11
11000000000000000111111001111011 3 2 5 2 7 2 3 2 11
11000000000000000111111011000011 3 2 5 2 7 2 3 2 11
11000000000000000111111011001111 3 2 5 2 7 2 3 2 11
11000000000000000111111011011011 3 2 5 2 7 2 3 2 11
11000000000000000111111011110011 3 2 5 2 7 2 3 2 11
11000000000000000111111011111111 3 2 5 2 7 2 3 2 11
11000000000000000111111110000011 3 2 5 2 7 2 3 2 11
11000000000000000111111110001111 3 2 5 2 7 2 3 2 11
11000000000000000111111110011011 3 2 5 2 7 2 3 2 11
11000000000000000111111110110011 3 2 5 2 7 2 3 2 11
11000000000000000111111110111111 3 2 5 2 7 2 3 2 11
11000000000000000111111111100011 3 2 5 2 7 2 3 2 11
11000000000000000111111111101111 3 2 5 2 7 2 3 2 11
11000000000000000111111111111011 3 2 5 2 7 2 3 2 11
11000000000000001100000000000011 3 2 5 2 7 2 3 2 11
11000000000000001100000000001111 3 2 5 2 7 2 3 2 11
11000000000000001100000000011011 3 2 5 2 7 2 3 2 11
11000000000000001100000000110011 3 2 5 2 7 2 3 2 11
11000000000000001100000000111111 3 2 5 2 7 2 3 2 11
11000000000000001100000001100011 3 2 5 2 7 2 3 2 11
11000000000000001100000001101111 3 2 5 2 7 2 3 2 11
11000000000000001100000001111011 3 2 5 2 7 2 3 2 11
11000000000000001100000011000011 3 2 5 2 7 2 3 2 11
11000000000000001100000011001111 3 2 5 2 7 2 3 2 11
11000000000000001100000011011011 3 2 5 2 7 2 3 2 11
11000000000000001100000011110011 3 2 5 2 7 2 3 2 11
11000000000000001100000011111111 3 2 5 2 7 2 3 2 11
11000000000000001100000110000011 3 2 5 2 7 2 3 2 11
11000000000000001100000110001111 3 2 5 2 7 2 3 2 11
11000000000000001100000110011011 3 2 5 2 7 2 3 2 11
11000000000000001100000110110011 3 2 5 2 7 2 3 2 11
11000000000000001100000110111111 3 2 5 2 7 2 3 2 11
11000000000000001100000111100011 3 2 5 2 7 2 3 2 11
11000000000000001100000111101111 3 2 5 2 7 2 3 2 11
11000000000000001100000111111011 3 2 5 2 7 2 3 2 11
11000000000000001100001100000011 3 2 5 2 7 2 3 2 11
11000000000000001100001100001111 3 2 5 2 7 2 3 2 11
11000000000000001100001100011011 3 2 5 2 7 2 3 2 11
11000000000000001100001100110011 3 2 5 2 7 2 3 2 11
11000000000000001100001100111111 3 2 5 2 7 2 3 2 11
11000000000000001100001101100011 3 2 5 2 7 2 3 2 11
11000000000000001100001101101111 3 2 5 2 7 2 3 2 11
11000000000000001100001101111011 3 2 5 2 7 2 3 2 11
11000000000000001100001111000011 3 2 5 2 7 2 3 2 11
11000000000000001100001111001111 3 2 5 2 7 2 3 2 11
11000000000000001100001111011011 3 2 5 2 7 2 3 2 11
11000000000000001100001111110011 3 2 5 2 7 2 3 2 11
11000000000000001100001111111111 3 2 5 2 7 2 3 2 11
11000000000000001100011000000011 3 2 5 2 7 2 3 2 11
11000000000000001100011000001111 3 2 5 2 7 2 3 2 11
11000000000000001100011000011011 3 2 5 2 7 2 3 2 11
11000000000000001100011000110011 3 2 5 2 7 2 3 2 11
11000000000000001100011000111111 3 2 5 2 7 2 3 2 11
11000000000000001100011001100011 3 2 5 2 7 2 3 2 11
11000000000000001100011001101111 3 2 5 2 7 2 3 2 11
11000000000000001100011001111011 3 2 5 2 7 2 3 2 11
11000000000000001100011011000011 3 2 5 2 7 2 3 2 11
11000000000000001100011011001111 3 2 5 2 7 2 3 2 11
11000000000000001100011011011011 3 2 5 2 7 2 3 2 11
11000000000000001100011011110011 3 2 5 2 7 2 3 2 11
11000000000000001100011011111111 3 2 5 2 7 2 3 2 11
11000000000000001100011110000011 3 2 5 2 7 2 3 2 11
11000000000000001100011110001111 3 2 5 2 7 2 3 2 11
11000000000000001100011110011011 3 2 5 2 7 2 3 2 11
11000000000000001100011110110011 3 2 5 2 7 2 3 2 11
11000000000000001100011110111111 3 2 5 2 7 2 3 2 11
11000000000000001100011111100011 3 2 5 2 7 2 3 2 11
11000000000000001100011111101111 3 2 5 2 7 2 3 2 11
11000000000000001100011111111011 3 2 5 2 7 2 3 2 11
11000000000000001100110000000011 3 2 5 2 7 2 3 2 11
11000000000000001100110000001111 3 2 5 2 7 2 3 2 11
11000000000000001100110000011011 3 2 5 2 7 2 3 2 11
11000000000000001100110000110011 3 2 5 2 7 2 3 2 11
11000000000000001100110000111111 3 2 5 2 7 2 3 2 11
11000000000000001100110001100011 3 2 5 2 7 2 3 2 11
11000000000000001100110001101111 3 2 5 2 7 2 3 2 11
11000000000000001100110001111011 3 2 5 2 7 2 3 2 11
11000000000000001100110011000011 3 2 5 2 7 2 3 2 11
11000000000000001100110011001111 3 2 5 2 7 2 3 2 11
11000000000000001100110011011011 3 2 5 2 7 2 3 2 11
11000000000000001100110011110011 3 2 5 2 7 2 3 2 11
11000000000000001100110011111111 3 2 5 2 7 2 3 2 11
11000000000000001100110110000011 3 2 5 2 7 2 3 2 11
11000000000000001100110110001111 3 2 5 2 7 2 3 2 11
11000000000000001100110110011011 3 2 5 2 7 2 3 2 11
11000000000000001100110110110011 3 2 5 2 7 2 3 2 11
11000000000000001100110110111111 3 2 5 2 7 2 3 2 11
11000000000000001100110111100011 3 2 5 2 7 2 3 2 11
11000000000000001100110111101111 3 2 5 2 7 2 3 2 11
11000000000000001100110111111011 3 2 5 2 7 2 3 2 11
11000000000000001100111100000011 3 2 5 2 7 2 3 2 11
11000000000000001100111100001111 3 2 5 2 7 2 3 2 11
11000000000000001100111100011011 3 2 5 2 7 2 3 2 11
11000000000000001100111100110011 3 2 5 2 7 2 3 2 11
11000000000000001100111100111111 3 2 5 2 7 2 3 2 11
11000000000000001100111101100011 3 2 5 2 7 2 3 2 11
11000000000000001100111101101111 3 2 5 2 7 2 3 2 11
11000000000000001100111101111011 3 2 5 2 7 2 3 2 11
11000000000000001100111111000011 3 2 5 2 7 2 3 2 11
11000000000000001100111111001111 3 2 5 2 7 2 3 2 11
11000000000000001100111111011011 3 2 5 2 7 2 3 2 11
11000000000000001100111111110011 3 2 5 2 7 2 3 2 11
11000000000000001100111111111111 3 2 5 2 7 2 3 2 11
11000000000000001101100000000011 3 2 5 2 7 2 3 2 11
11000000000000001101100000001111 3 2 5 2 7 2 3 2 11
11000000000000001101100000011011 3 2 5 2 7 2 3 2 11
11000000000000001101100000110011 3 2 5 2 7 2 3 2 11
11000000000000001101100000111111 3 2 5 2 7 2 3 2 11
11000000000000001101100001100011 3 2 5 2 7 2 3 2 11
11000000000000001101100001101111 3 2 5 2 7 2 3 2 11
11000000000000001101100001111011 3 2 5 2 7 2 3 2 11
11000000000000001101100011000011 3 2 5 2 7 2 3 2 11
11000000000000001101100011001111 3 2 5 2 7 2 3 2 11
11000000000000001101100011011011 3 2 5 2 7 2 3 2 11
11000000000000001101100011110011 3 2 5 2 7 2 3 2 11
11000000000000001101100011111111 3 2 5 2 7 2 3 2 11
11000000000000001101100110000011 3 2 5 2 7 2 3 2 11
11000000000000001101100110001111 3 2 5 2 7 2 3 2 11
11000000000000001101100110011011 3 2 5 2 7 2 3 2 11
11000000000000001101100110110011 3 2 5 2 7 2 3 2 11
11000000000000001101100110111111 3 2 5 2 7 2 3 2 11
11000000000000001101100111100011 3 2 5 2 7 2 3 2 11
11000000000000001101100111101111 3 2 5 2 7 2 3 2 11
11000000000000001101100111111011 3 2 5 2 7 2 3 2 11
11000000000000001101101100000011 3 2 5 2 7 2 3 2 11
11000000000000001101101100001111 3 2 5 2 7 2 3 2 11
11000000000000001101101100011011 3 2 5 2 7 2 3 2 11
11000000000000001101101100110011 3 2 5 2 7 2 3 2 11
11000000000000001101101100111111 3 2 5 2 7 2 3 2 11
11000000000000001101101101100011 3 2 5 2 7 2 3 2 11
11000000000000001101101101101111 3 2 5 2 7 2 3 2 11
11000000000000001101101101111011 3 2 5 2 7 2 3 2 11
11000000000000001101101111000011 3 2 5 2 7 2 3 2 11
11000000000000001101101111001111 3 2 5 2 7 2 3 2 11
11000000000000001101101111011011 3 2 5 2 7 2 3 2 11
11000000000000001101101111110011 3 2 5 2 7 2 3 2 11
11000000000000001101101111111111 3 2 5 2 7 2 3 2 11
