Case #1:
3 4 5 12 14 15 
2 7 9 10 11 14 
Case #2:
266 1243 3117 4454 5690 6170 
266 1243 1771 3117 4943 9600 
Case #3:
2694 380 1276 1496 4468 60 
380 1276 1496 3430 3732 60 
Case #4:
3418 3062 4478 3344 3690 576 
3062 432 2710 4692 3344 4328 
Case #5:
36483 27942 30561 32563 50437 94957 
27942 30561 21479 34511 74836 83614 
Case #6:
86390 10813 72946 34026 66916 91949 
86390 71480 53027 53720 31507 66916 
Case #7:
18093 95685 3267 94618 46238 74962 
95685 3267 94618 50236 14095 74962 
Case #8:
50015 41262 49537 99440 26909 64317 
84455 35280 24756 38012 49537 99440 
Case #9:
4255 3303 2492 2351 3946 3359 
4255 3703 2757 3590 3946 1455 
Case #10:
14031 85386 55401 37596 76330 64784 
6551 59813 85386 37596 76097 68085 
